0 0.666015625 0.41015625 0.0537109375 0.091796875
0 0.1025390625 0.3916015625 0.0478515625 0.0654296875
0 0.1552734375 0.3798828125 0.0390625 0.0546875
0 0.205078125 0.36328125 0.0439453125 0.0673828125
0 0.28515625 0.392578125 0.0419921875 0.076171875
0 0.435546875 0.37890625 0.0390625 0.068359375
0 0.91015625 0.4072265625 0.0439453125 0.06640625
0 0.8310546875 0.404296875 0.04296875 0.0712890625
0 0.716796875 0.3974609375 0.033203125 0.0615234375
0 0.5654296875 0.3828125 0.0205078125 0.041015625
0 0.525390625 0.3984375 0.03125 0.052734375
0 0.796875 0.3671875 0.02734375 0.044921875
0 0.4765625 0.3798828125 0.025390625 0.0546875